                  74
         1             1    -270.458777777777755    0.000000000000000    
         1             2    0.100000000000000    0.000000000000000    
         1             4    0.083000000000000    0.000000000000000    
         1             9    0.210000000000001    0.000000000000000    
         1            11    1.300000000000000    0.000000000000000    
         1            19    0.350000000000000    0.000000000000000    
         2             1    0.100000000000000    0.000000000000000    
         2             2    -270.292777777777758    0.000000000000000    
         2            10    0.210000000000001    0.000000000000000    
         2            12    1.300000000000000    0.000000000000000    
         2            20    0.350000000000000    0.000000000000000    
         3             3    -270.627277777777749    0.000000000000000    
         3             4    0.100000000000000    0.000000000000000    
         3             6    0.101653824325502    0.000000000000000    
         3            13    0.950000000000000    0.000000000000000    
         4             1    0.083000000000000    0.000000000000000    
         4             3    0.100000000000000    0.000000000000000    
         4             4    -270.544277777777779    0.000000000000000    
         4            14    0.950000000000000    0.000000000000000    
         5             5    -270.165777777777748    0.000000000000000    
         5             6    0.100000000000000    0.000000000000000    
         5             8    0.101653824325502    0.000000000000000    
         5            15    1.650000000000000    0.000000000000000    
         6             3    0.101653824325502    0.000000000000000    
         6             5    0.100000000000000    0.000000000000000    
         6             6    -270.165777777777748    0.000000000000000    
         6            16    1.650000000000000    0.000000000000000    
         7             7    -270.544277777777779    0.000000000000000    
         7             8    0.100000000000000    0.000000000000000    
         7            10    0.083000000000000    0.000000000000000    
         7            17    0.950000000000000    0.000000000000000    
         8             5    0.101653824325502    0.000000000000000    
         8             7    0.100000000000000    0.000000000000000    
         8             8    -270.627277777777749    0.000000000000000    
         8            18    0.950000000000000    0.000000000000000    
         9             1    0.210000000000001    0.000000000000000    
         9             9    -270.292777777777758    0.000000000000000    
         9            10    0.100000000000000    0.000000000000000    
         9            11    0.350000000000000    0.000000000000000    
         9            19    1.300000000000000    0.000000000000000    
        10             2    0.210000000000001    0.000000000000000    
        10             7    0.083000000000000    0.000000000000000    
        10             9    0.100000000000000    0.000000000000000    
        10            10    -270.458777777777755    0.000000000000000    
        10            12    0.350000000000000    0.000000000000000    
        10            20    1.300000000000000    0.000000000000000    
        11             1    1.300000000000000    0.000000000000000    
        11             9    0.350000000000000    0.000000000000000    
        11            11    -221.586666666666673    0.000000000000000    
        11            19    1.000000000000001    0.000000000000000    
        12             2    1.300000000000000    0.000000000000000    
        12            10    0.350000000000000    0.000000000000000    
        12            12    -221.586666666666673    0.000000000000000    
        12            20    1.000000000000001    0.000000000000000    
        13             3    0.950000000000000    0.000000000000000    
        13            13    -222.586666666666673    0.000000000000000    
        14             4    0.950000000000000    0.000000000000000    
        14            14    -222.586666666666673    0.000000000000000    
        15             5    1.650000000000000    0.000000000000000    
        15            15    -220.586666666666673    0.000000000000000    
        16             6    1.650000000000000    0.000000000000000    
        16            16    -220.586666666666673    0.000000000000000    
        17             7    0.950000000000000    0.000000000000000    
        17            17    -222.586666666666673    0.000000000000000    
        18             8    0.950000000000000    0.000000000000000    
        18            18    -222.586666666666673    0.000000000000000    
        19             1    0.350000000000000    0.000000000000000    
        19             9    1.300000000000000    0.000000000000000    
        19            11    1.000000000000001    0.000000000000000    
        19            19    -221.586666666666673    0.000000000000000    
        20             2    0.350000000000000    0.000000000000000    
        20            10    1.300000000000000    0.000000000000000    
        20            12    1.000000000000001    0.000000000000000    
        20            20    -221.586666666666673    0.000000000000000    
