                  84
         1             1    -69.788611111111095    0.000000000000000    
         1             2    0.100000000000000    0.000000000000000    
         1             4    0.102000000000000    0.000000000000000    
         1             9    0.210000000000001    0.000000000000000    
         1            11    1.300000000000000    0.000000000000000    
         1            19    0.350000000000000    0.000000000000000    
         2             1    0.100000000000000    0.000000000000000    
         2             2    -69.584611111111087    0.000000000000000    
         2            10    0.210000000000001    0.000000000000000    
         2            12    1.300000000000000    0.000000000000000    
         2            20    0.350000000000000    0.000000000000000    
         3             3    -69.947611111111101    0.000000000000000    
         3             4    0.100000000000000    0.000000000000000    
         3             6    0.124923976881942    0.000000000000000    
         3            13    0.950000000000000    0.000000000000000    
         4             1    0.102000000000000    0.000000000000000    
         4             3    0.100000000000000    0.000000000000000    
         4             4    -69.845611111111097    0.000000000000000    
         4            14    0.950000000000000    0.000000000000000    
         5             5    -69.476611111111112    0.000000000000000    
         5             6    0.100000000000000    0.000000000000000    
         5             8    0.124923976881942    0.000000000000000    
         5            15    1.650000000000000    0.000000000000000    
         6             3    0.124923976881942    0.000000000000000    
         6             5    0.100000000000000    0.000000000000000    
         6             6    -69.476611111111112    0.000000000000000    
         6            16    1.650000000000000    0.000000000000000    
         7             7    -69.845611111111097    0.000000000000000    
         7             8    0.100000000000000    0.000000000000000    
         7            10    0.102000000000000    0.000000000000000    
         7            17    0.950000000000000    0.000000000000000    
         8             5    0.124923976881942    0.000000000000000    
         8             7    0.100000000000000    0.000000000000000    
         8             8    -69.947611111111101    0.000000000000000    
         8            18    0.950000000000000    0.000000000000000    
         9             1    0.210000000000001    0.000000000000000    
         9             9    -69.584611111111087    0.000000000000000    
         9            10    0.100000000000000    0.000000000000000    
         9            11    0.350000000000000    0.000000000000000    
         9            19    1.300000000000000    0.000000000000000    
        10             2    0.210000000000001    0.000000000000000    
        10             7    0.102000000000000    0.000000000000000    
        10             9    0.100000000000000    0.000000000000000    
        10            10    -69.788611111111095    0.000000000000000    
        10            12    0.350000000000000    0.000000000000000    
        10            20    1.300000000000000    0.000000000000000    
        11             1    1.300000000000000    0.000000000000000    
        11             9    0.350000000000000    0.000000000000000    
        11            11    21.114500000000000    0.000000000000000    
        11            19    1.000000000000000    0.000000000000000    
        12             2    1.300000000000000    0.000000000000000    
        12            10    0.350000000000000    0.000000000000000    
        12            12    21.114500000000000    0.000000000000000    
        12            20    1.000000000000000    0.000000000000000    
        13             3    0.950000000000000    0.000000000000000    
        13            13    20.114500000000000    0.000000000000000    
        14             4    0.950000000000000    0.000000000000000    
        14            14    20.114500000000000    0.000000000000000    
        15             5    1.650000000000000    0.000000000000000    
        15            15    22.114500000000003    0.000000000000000    
        16             6    1.650000000000000    0.000000000000000    
        16            16    22.114500000000003    0.000000000000000    
        17             7    0.950000000000000    0.000000000000000    
        17            17    20.114500000000000    0.000000000000000    
        18             8    0.950000000000000    0.000000000000000    
        18            18    20.114500000000000    0.000000000000000    
        19             1    0.350000000000000    0.000000000000000    
        19             9    1.300000000000000    0.000000000000000    
        19            11    1.000000000000000    0.000000000000000    
        19            19    21.114500000000000    0.000000000000000    
        20             2    0.350000000000000    0.000000000000000    
        20            10    1.300000000000000    0.000000000000000    
        20            12    1.000000000000000    0.000000000000000    
        20            20    21.114500000000000    0.000000000000000    
        21            21    -701.700000000000045    0.000000000000000    
        21            24    8.061017305526642    0.000000000000000    
        22            22    -690.299999999999955    0.000000000000000    
        23            23    -696.000000000000000    0.000000000000000    
        23            26    8.061017305526642    0.000000000000000    
        24            21    8.061017305526642    0.000000000000000    
        24            24    -696.000000000000000    0.000000000000000    
        25            25    -690.299999999999955    0.000000000000000    
        26            23    8.061017305526642    0.000000000000000    
        26            26    -701.700000000000045    0.000000000000000    
