                  12
        21             1    0.000000000000000    -0.707106781186548    
        21             5    -0.000000000000000    -0.288675134594813    
        22             2    0.000000000000000    -0.707106781186548    
        22             6    -0.000000000000000    -0.288675134594813    
        23             3    0.000000000000000    -0.500000000000000    
        23             7    -0.000000000000000    -0.500000000000000    
        24             4    0.000000000000000    -0.500000000000000    
        24             8    -0.000000000000000    -0.500000000000000    
        25             5    0.000000000000000    -0.288675134594813    
        25             9    -0.000000000000000    -0.707106781186548    
        26             6    0.000000000000000    -0.288675134594813    
        26            10    -0.000000000000000    -0.707106781186548    
