                  18
         1            21    -0.271737828631020    0.000000000000000    
         2            22    -0.271737828631020    0.000000000000000    
         3            21    0.652808204981294    0.000000000000000    
         3            23    -0.192147661329902    0.000000000000000    
         4            22    0.652808204981294    0.000000000000000    
         4            24    -0.192147661329902    0.000000000000000    
         5            21    0.110936503992976    0.000000000000000    
         5            23    0.753797985750292    0.000000000000000    
         5            25    -0.110936503992976    0.000000000000000    
         6            22    0.110936503992976    0.000000000000000    
         6            24    0.753797985750292    0.000000000000000    
         6            26    -0.110936503992976    0.000000000000000    
         7            23    0.192147661329902    0.000000000000000    
         7            25    0.652808204981294    0.000000000000000    
         8            24    0.192147661329902    0.000000000000000    
         8            26    0.652808204981294    0.000000000000000    
         9            25    0.271737828631020    0.000000000000000    
        10            26    0.271737828631020    0.000000000000000    
